1000 0
1500 0
2000 0
2500 0
3000 0
3500 0
4000 1.6
4500 0
5000 0
5500 0
6000 0
6500 0
7000 0
7500 0
8000 0
8500 0
9000 0
9500 0
10000 0
10500 0
11000 0
11500 0
12000 0
12500 0.5
13000 1.2
13500 0.7
14000 0.8
14500 1
15000 0.8
15500 0.8
16000 1.6
16500 0.6
17000 0
17500 0.8
18000 0.8
18500 1.6
19000 1.6
19500 0.9
20000 0
20500 0.8
21000 0.8
21500 0.8
22000 1.6
22500 0
23000 0
23500 0
24000 1.6
24500 1.5
25000 1.1
25500 1.1
26000 0.8
26500 0.8
27000 0
27500 0.8
28000 0.7
28500 1
29000 1.7
29500 0.9
30000 1.7
30500 1.8
31000 1.4
31500 0.8
32000 1.2
32500 0.8
33000 0
33500 0
34000 0
34500 0
35000 0
35500 0
36000 1.6
36500 1.5
37000 1.6
37500 1.6
38000 1.5
38500 1.6
39000 1.6
39500 0
40000 0
40500 0
41000 1.6
41500 1.5
42000 2.2
42500 1.2
43000 1.6
43500 1.7
44000 1.1
44500 0.9
45000 1.9
45500 2.8
46000 1.3
46500 1.7
47000 1.6
47500 1.6
48000 1.5
48500 1.7
49000 1.7
49500 1.6
50000 1.7
